>TTSTTATGCAAA	1-TTSTTATGCAAA	8.102624	-756.357931	0	T:471.0(21.38%),B:871.0(1.92%),P:1e-328	Tpos:47.4,Tstd:21.8,Bpos:49.9,Bstd:30.1,StrandBias:-0.1,Multiplicity:1.04
0.039	0.039	0.070	0.852
0.023	0.001	0.074	0.902
0.096	0.365	0.415	0.125
0.341	0.001	0.100	0.558
0.139	0.203	0.238	0.420
0.793	0.001	0.023	0.183
0.007	0.001	0.001	0.991
0.015	0.001	0.903	0.081
0.008	0.623	0.102	0.267
0.668	0.007	0.001	0.324
0.762	0.047	0.119	0.072
0.920	0.023	0.008	0.049
>CATTGTHATGCA	2-CATTGTHATGCA	9.972295	-364.212490	0	T:161.0(7.31%),B:140.3(0.31%),P:1e-158	Tpos:41.9,Tstd:20.1,Bpos:49.3,Bstd:31.1,StrandBias:0.2,Multiplicity:1.07
0.001	0.647	0.001	0.351
0.676	0.029	0.001	0.294
0.001	0.001	0.001	0.997
0.001	0.001	0.001	0.997
0.116	0.321	0.562	0.001
0.028	0.001	0.001	0.970
0.266	0.323	0.029	0.382
0.997	0.001	0.001	0.001
0.057	0.001	0.001	0.941
0.001	0.001	0.851	0.147
0.117	0.473	0.235	0.176
0.588	0.148	0.088	0.176
>TATGCAAATKMR	3-TATGCAAATKMR	6.798192	-290.531484	0	T:450.0(20.43%),B:2510.3(5.53%),P:1e-126	Tpos:47.6,Tstd:24.6,Bpos:49.3,Bstd:31.5,StrandBias:0.1,Multiplicity:1.14
0.158	0.275	0.020	0.547
0.801	0.030	0.030	0.139
0.019	0.001	0.019	0.961
0.039	0.020	0.846	0.095
0.052	0.651	0.109	0.188
0.890	0.001	0.001	0.108
0.523	0.030	0.158	0.289
0.989	0.001	0.009	0.001
0.091	0.001	0.010	0.898
0.156	0.079	0.416	0.349
0.297	0.411	0.109	0.184
0.418	0.138	0.285	0.159
>CCASYAGGGGGC	4-CCASYAGGGGGC	9.358802	-219.486736	0	T:154.0(6.99%),B:327.1(0.72%),P:1e-95	Tpos:44.1,Tstd:21.9,Bpos:50.3,Bstd:27.2,StrandBias:0.3,Multiplicity:1.01
0.079	0.762	0.059	0.100
0.001	0.997	0.001	0.001
0.741	0.099	0.060	0.100
0.001	0.548	0.411	0.040
0.167	0.388	0.036	0.410
0.881	0.001	0.059	0.059
0.014	0.001	0.984	0.001
0.359	0.001	0.621	0.019
0.069	0.001	0.624	0.306
0.050	0.001	0.948	0.001
0.020	0.001	0.841	0.138
0.060	0.867	0.001	0.072
>VRTATGCGCATR	5-VRTATGCGCATR	9.926968	-134.879356	0	T:49.0(2.22%),B:27.0(0.06%),P:1e-58	Tpos:43.5,Tstd:21.1,Bpos:47.8,Bstd:32.9,StrandBias:0.0,Multiplicity:1.12
0.318	0.280	0.240	0.162
0.400	0.200	0.280	0.120
0.120	0.201	0.041	0.638
0.879	0.041	0.079	0.001
0.001	0.001	0.001	0.997
0.001	0.001	0.997	0.001
0.001	0.878	0.001	0.120
0.198	0.001	0.800	0.001
0.079	0.880	0.001	0.040
0.997	0.001	0.001	0.001
0.079	0.041	0.079	0.801
0.403	0.158	0.279	0.160
>GRTGYTGCTTGT	6-GRTGYTGCTTGT	12.644746	-49.402670	0	T:15.0(0.68%),B:5.2(0.01%),P:1e-21	Tpos:43.4,Tstd:23.9,Bpos:45.7,Bstd:32.2,StrandBias:0.2,Multiplicity:1.00
0.001	0.001	0.997	0.001
0.465	0.001	0.533	0.001
0.001	0.001	0.001	0.997
0.001	0.001	0.997	0.001
0.001	0.524	0.001	0.474
0.001	0.001	0.001	0.997
0.001	0.001	0.997	0.001
0.001	0.930	0.001	0.068
0.001	0.001	0.001	0.997
0.001	0.001	0.001	0.997
0.001	0.001	0.997	0.001
0.001	0.001	0.001	0.997
>GATCGTTGCTAA	7-GATCGTTGCTAA	12.066545	-43.263459	0	T:11.0(0.50%),B:2.4(0.01%),P:1e-18	Tpos:37.2,Tstd:22.1,Bpos:33.1,Bstd:5.6,StrandBias:-0.3,Multiplicity:1.00
0.001	0.001	0.841	0.157
0.518	0.158	0.323	0.001
0.001	0.157	0.001	0.841
0.001	0.834	0.001	0.164
0.174	0.007	0.496	0.323
0.001	0.001	0.001	0.997
0.001	0.001	0.157	0.841
0.001	0.157	0.841	0.001
0.001	0.997	0.001	0.001
0.001	0.001	0.001	0.997
0.841	0.157	0.001	0.001
0.997	0.001	0.001	0.001
>SCACYTGWGTGC	8-SCACYTGWGTGC	11.217122	-38.286911	0	T:23.0(1.04%),B:40.2(0.09%),P:1e-16	Tpos:54.9,Tstd:24.6,Bpos:45.3,Bstd:30.6,StrandBias:-0.3,Multiplicity:1.00
0.001	0.377	0.455	0.167
0.001	0.699	0.001	0.299
0.997	0.001	0.001	0.001
0.001	0.997	0.001	0.001
0.001	0.469	0.001	0.529
0.001	0.001	0.001	0.997
0.001	0.001	0.924	0.074
0.464	0.001	0.001	0.534
0.001	0.001	0.997	0.001
0.001	0.149	0.001	0.849
0.077	0.150	0.698	0.075
0.001	0.849	0.001	0.149
>GGTTTACARGAA	9-GGTTTACARGAA	13.009765	-35.792871	0	T:14.0(0.64%),B:10.3(0.02%),P:1e-15	Tpos:51.3,Tstd:29.1,Bpos:50.8,Bstd:32.6,StrandBias:1.9,Multiplicity:1.00
0.001	0.001	0.997	0.001
0.001	0.084	0.914	0.001
0.001	0.001	0.001	0.997
0.001	0.001	0.001	0.997
0.001	0.084	0.001	0.914
0.997	0.001	0.001	0.001
0.001	0.997	0.001	0.001
0.997	0.001	0.001	0.001
0.424	0.001	0.574	0.001
0.084	0.001	0.914	0.001
0.997	0.001	0.001	0.001
0.914	0.001	0.001	0.084
>GAGCCTATGGGG	10-GAGCCTATGGGG	13.488922	-35.080386	0	T:12.0(0.54%),B:6.9(0.02%),P:1e-15	Tpos:40.7,Tstd:15.4,Bpos:53.8,Bstd:28.7,StrandBias:1.0,Multiplicity:1.00
0.001	0.086	0.912	0.001
0.997	0.001	0.001	0.001
0.001	0.001	0.997	0.001
0.001	0.997	0.001	0.001
0.001	0.997	0.001	0.001
0.057	0.087	0.001	0.855
0.912	0.086	0.001	0.001
0.087	0.001	0.194	0.718
0.001	0.001	0.997	0.001
0.001	0.001	0.997	0.001
0.086	0.001	0.912	0.001
0.001	0.001	0.997	0.001
>CTGTTTGCCCCC	11-CTGTTTGCCCCC	9.175081	-33.948245	0	T:47.0(2.13%),B:234.3(0.52%),P:1e-14	Tpos:50.4,Tstd:27.8,Bpos:49.0,Bstd:27.5,StrandBias:0.0,Multiplicity:1.00
0.060	0.826	0.053	0.061
0.059	0.001	0.029	0.911
0.060	0.063	0.816	0.061
0.060	0.030	0.150	0.760
0.030	0.122	0.098	0.750
0.001	0.001	0.059	0.939
0.030	0.092	0.758	0.120
0.060	0.803	0.060	0.077
0.001	0.920	0.001	0.078
0.089	0.804	0.030	0.077
0.060	0.811	0.030	0.099
0.050	0.867	0.053	0.030
>GACTCATTCCTT	12-GACTCATTCCTT	14.325758	-33.889598	0	T:9.0(0.41%),B:2.3(0.00%),P:1e-14	Tpos:39.3,Tstd:24.7,Bpos:55.5,Bstd:7.6,StrandBias:3.0,Multiplicity:1.00
0.001	0.001	0.997	0.001
0.997	0.001	0.001	0.001
0.001	0.997	0.001	0.001
0.001	0.001	0.001	0.997
0.001	0.997	0.001	0.001
0.997	0.001	0.001	0.001
0.001	0.116	0.001	0.882
0.001	0.001	0.001	0.997
0.116	0.882	0.001	0.001
0.001	0.997	0.001	0.001
0.001	0.001	0.001	0.997
0.001	0.001	0.001	0.997
>GTGTGGCAGGAT	13-GTGTGGCAGGAT	13.637588	-33.889598	0	T:9.0(0.41%),B:2.2(0.00%),P:1e-14	Tpos:50.9,Tstd:26.9,Bpos:51.3,Bstd:21.2,StrandBias:-1.2,Multiplicity:1.11
0.001	0.001	0.997	0.001
0.001	0.001	0.001	0.997
0.001	0.001	0.997	0.001
0.124	0.001	0.001	0.874
0.001	0.001	0.901	0.097
0.001	0.001	0.997	0.001
0.001	0.997	0.001	0.001
0.997	0.001	0.001	0.001
0.001	0.001	0.874	0.124
0.001	0.001	0.997	0.001
0.874	0.124	0.001	0.001
0.277	0.001	0.125	0.597
>TTACCATTTCTA	14-TTACCATTTCTA	13.688399	-33.275095	0	T:12.0(0.54%),B:7.9(0.02%),P:1e-14	Tpos:51.5,Tstd:21.7,Bpos:52.0,Bstd:22.4,StrandBias:0.0,Multiplicity:1.00
0.001	0.001	0.001	0.997
0.001	0.001	0.113	0.885
0.885	0.001	0.113	0.001
0.001	0.885	0.113	0.001
0.001	0.997	0.001	0.001
0.997	0.001	0.001	0.001
0.001	0.113	0.001	0.885
0.114	0.114	0.001	0.771
0.001	0.001	0.001	0.997
0.001	0.885	0.113	0.001
0.001	0.001	0.001	0.997
0.997	0.001	0.001	0.001
>GTTTCAGCTGKA	15-GTTTCAGCTGKA	11.029924	-32.423578	0	T:13.0(0.59%),B:10.9(0.02%),P:1e-14	Tpos:41.6,Tstd:29.7,Bpos:44.0,Bstd:17.1,StrandBias:-0.4,Multiplicity:1.08
0.001	0.084	0.746	0.169
0.081	0.001	0.244	0.674
0.001	0.080	0.001	0.918
0.003	0.001	0.001	0.995
0.001	0.914	0.084	0.001
0.748	0.001	0.081	0.170
0.081	0.001	0.664	0.254
0.081	0.586	0.251	0.082
0.080	0.001	0.001	0.918
0.004	0.251	0.664	0.081
0.001	0.001	0.572	0.426
0.510	0.162	0.247	0.081
>GCANAACAAAAG	16-GCANAACAAAAG	11.010078	-30.601845	0	T:30.0(1.36%),B:106.3(0.23%),P:1e-13	Tpos:60.2,Tstd:26.4,Bpos:45.5,Bstd:31.8,StrandBias:0.8,Multiplicity:1.00
0.207	0.067	0.489	0.236
0.140	0.714	0.079	0.067
0.997	0.001	0.001	0.001
0.326	0.202	0.270	0.202
0.997	0.001	0.001	0.001
0.997	0.001	0.001	0.001
0.067	0.797	0.135	0.001
0.997	0.001	0.001	0.001
0.997	0.001	0.001	0.001
0.997	0.001	0.001	0.001
0.865	0.001	0.067	0.067
0.100	0.001	0.898	0.001
>GGTCAAGGYCAG	17-GGTCAAGGYCAG	9.420697	-29.692268	0	T:55.0(2.50%),B:348.2(0.77%),P:1e-12	Tpos:46.0,Tstd:26.6,Bpos:49.9,Bstd:26.3,StrandBias:0.8,Multiplicity:1.04
0.035	0.086	0.798	0.081
0.131	0.132	0.619	0.118
0.001	0.001	0.165	0.833
0.001	0.843	0.112	0.044
0.923	0.001	0.033	0.043
0.910	0.001	0.088	0.001
0.207	0.001	0.749	0.043
0.001	0.086	0.870	0.043
0.044	0.434	0.078	0.443
0.001	0.997	0.001	0.001
0.997	0.001	0.001	0.001
0.105	0.130	0.666	0.099
>GACCAAACCWCA	18-GACCAAACCWCA	13.342992	-27.718167	0	T:10.0(0.45%),B:6.5(0.01%),P:1e-12	Tpos:47.6,Tstd:18.6,Bpos:46.9,Bstd:25.6,StrandBias:0.6,Multiplicity:1.00
0.103	0.001	0.895	0.001
0.997	0.001	0.001	0.001
0.001	0.997	0.001	0.001
0.001	0.895	0.001	0.103
0.791	0.104	0.001	0.104
0.997	0.001	0.001	0.001
0.997	0.001	0.001	0.001
0.001	0.997	0.001	0.001
0.001	0.997	0.001	0.001
0.522	0.104	0.001	0.373
0.001	0.997	0.001	0.001
0.997	0.001	0.001	0.001
>KGGAAGGTGGAG	19-KGGAAGGTGGAG	13.199175	-26.220514	0	T:10.0(0.45%),B:8.0(0.02%),P:1e-11	Tpos:42.8,Tstd:20.9,Bpos:41.2,Bstd:29.9,StrandBias:-0.3,Multiplicity:1.10
0.001	0.001	0.464	0.534
0.001	0.001	0.997	0.001
0.001	0.001	0.997	0.001
0.997	0.001	0.001	0.001
0.906	0.001	0.001	0.092
0.092	0.001	0.906	0.001
0.001	0.001	0.997	0.001
0.001	0.001	0.001	0.997
0.092	0.001	0.906	0.001
0.001	0.001	0.997	0.001
0.815	0.001	0.092	0.092
0.001	0.001	0.997	0.001
>CCTGAGACAGGC	20-CCTGAGACAGGC	13.218739	-25.139933	0	T:13.0(0.59%),B:18.1(0.04%),P:1e-10	Tpos:57.3,Tstd:21.6,Bpos:58.4,Bstd:28.3,StrandBias:0.7,Multiplicity:1.00
0.001	0.896	0.102	0.001
0.001	0.896	0.001	0.102
0.001	0.001	0.001	0.997
0.183	0.001	0.815	0.001
0.896	0.001	0.001	0.102
0.001	0.001	0.997	0.001
0.918	0.080	0.001	0.001
0.080	0.918	0.001	0.001
0.997	0.001	0.001	0.001
0.001	0.001	0.896	0.102
0.001	0.001	0.997	0.001
0.001	0.861	0.080	0.058
>AAATATAATTAG	21-AAATATAATTAG	14.577528	-24.940556	0	T:7.0(0.32%),B:2.4(0.01%),P:1e-10	Tpos:64.7,Tstd:27.6,Bpos:30.7,Bstd:11.0,StrandBias:2.6,Multiplicity:1.00
0.997	0.001	0.001	0.001
0.997	0.001	0.001	0.001
0.997	0.001	0.001	0.001
0.001	0.001	0.001	0.997
0.997	0.001	0.001	0.001
0.001	0.001	0.001	0.997
0.866	0.132	0.001	0.001
0.997	0.001	0.001	0.001
0.001	0.001	0.001	0.997
0.001	0.001	0.001	0.997
0.997	0.001	0.001	0.001
0.001	0.001	0.997	0.001
>GTTAATGCAAAT	22-GTTAATGCAAAT	10.409522	-24.929037	0	T:10.0(0.45%),B:8.6(0.02%),P:1e-10	Tpos:53.3,Tstd:23.4,Bpos:14.0,Bstd:0.0,StrandBias:0.4,Multiplicity:1.00
0.100	0.100	0.700	0.100
0.100	0.100	0.100	0.700
0.100	0.100	0.100	0.700
0.700	0.100	0.100	0.100
0.700	0.100	0.100	0.100
0.100	0.100	0.100	0.700
0.100	0.100	0.700	0.100
0.100	0.700	0.100	0.100
0.700	0.100	0.100	0.100
0.700	0.100	0.100	0.100
0.700	0.100	0.100	0.100
0.100	0.100	0.100	0.700
>AGGAGAACAGAA	23-AGGAGAACAGAA	12.549197	-24.909165	0	T:11.0(0.50%),B:11.3(0.02%),P:1e-10	Tpos:64.6,Tstd:18.8,Bpos:49.4,Bstd:34.2,StrandBias:0.8,Multiplicity:1.00
0.997	0.001	0.001	0.001
0.001	0.001	0.997	0.001
0.001	0.001	0.698	0.300
0.695	0.001	0.001	0.303
0.001	0.001	0.698	0.300
0.997	0.001	0.001	0.001
0.997	0.001	0.001	0.001
0.001	0.997	0.001	0.001
0.622	0.001	0.303	0.074
0.001	0.001	0.997	0.001
0.698	0.300	0.001	0.001
0.621	0.001	0.001	0.377
>GTGCGTGCAGTA	24-GTGCGTGCAGTA	10.409522	-19.956117	0	T:5.0(0.23%),B:1.3(0.00%),P:1e-8	Tpos:33.7,Tstd:23.7,Bpos:52.4,Bstd:0.4,StrandBias:0.0,Multiplicity:1.20
0.100	0.100	0.700	0.100
0.100	0.100	0.100	0.700
0.100	0.100	0.700	0.100
0.100	0.700	0.100	0.100
0.100	0.100	0.700	0.100
0.100	0.100	0.100	0.700
0.100	0.100	0.700	0.100
0.100	0.700	0.100	0.100
0.700	0.100	0.100	0.100
0.100	0.100	0.700	0.100
0.100	0.100	0.100	0.700
0.700	0.100	0.100	0.100
>TACGTACAHACA	25-TACGTACAHACA	12.091486	-8.043378	0	T:9.0(0.41%),B:43.2(0.10%),P:1e-3	Tpos:53.1,Tstd:21.1,Bpos:47.4,Bstd:24.5,StrandBias:1.5,Multiplicity:1.00
0.001	0.001	0.135	0.863
0.997	0.001	0.001	0.001
0.001	0.997	0.001	0.001
0.304	0.001	0.559	0.136
0.001	0.135	0.001	0.863
0.720	0.136	0.136	0.008
0.001	0.997	0.001	0.001
0.997	0.001	0.001	0.001
0.349	0.272	0.001	0.378
0.938	0.001	0.060	0.001
0.001	0.863	0.135	0.001
0.863	0.001	0.135	0.001
