>ATGCAAAT	1-ATGCAAAT	6.004852	-373.313010	0	T:566.0(25.69%),B:3168.6(6.99%),P:1e-162	Tpos:46.8,Tstd:23.7,Bpos:50.1,Bstd:32.7,StrandBias:0.0,Multiplicity:1.20
0.902	0.001	0.009	0.088
0.001	0.001	0.001	0.997
0.001	0.005	0.950	0.044
0.001	0.879	0.018	0.102
0.835	0.001	0.002	0.162
0.850	0.025	0.075	0.050
0.997	0.001	0.001	0.001
0.060	0.001	0.020	0.919
>CATDACAA	2-CATDACAA	7.701318	-216.500015	0	T:223.0(10.12%),B:802.6(1.77%),P:1e-94	Tpos:43.3,Tstd:22.1,Bpos:49.7,Bstd:30.0,StrandBias:0.2,Multiplicity:1.07
0.103	0.895	0.001	0.001
0.997	0.001	0.001	0.001
0.011	0.001	0.001	0.987
0.310	0.088	0.355	0.247
0.997	0.001	0.001	0.001
0.012	0.951	0.036	0.001
0.992	0.001	0.001	0.006
0.997	0.001	0.001	0.001
>TATGCGAA	3-TATGCGAA	7.925600	-169.845847	0	T:138.0(6.26%),B:364.6(0.80%),P:1e-73	Tpos:45.1,Tstd:23.1,Bpos:52.4,Bstd:29.4,StrandBias:0.2,Multiplicity:1.04
0.021	0.001	0.016	0.962
0.890	0.001	0.022	0.087
0.147	0.001	0.001	0.851
0.001	0.088	0.706	0.205
0.001	0.836	0.001	0.162
0.251	0.001	0.560	0.188
0.680	0.001	0.001	0.318
0.888	0.021	0.090	0.001
>TGCGCATA	4-TGCGCATA	10.654627	-96.101194	0	T:35.0(1.59%),B:20.0(0.04%),P:1e-41	Tpos:38.6,Tstd:19.9,Bpos:47.7,Bstd:48.5,StrandBias:-0.5,Multiplicity:1.03
0.001	0.018	0.001	0.980
0.001	0.001	0.997	0.001
0.001	0.997	0.001	0.001
0.001	0.001	0.997	0.001
0.001	0.997	0.001	0.001
0.997	0.001	0.001	0.001
0.001	0.001	0.001	0.997
0.672	0.001	0.326	0.001
>ATTCTCAT	5-ATTCTCAT	7.126448	-88.747872	0	T:201.0(9.12%),B:1436.0(3.17%),P:1e-38	Tpos:50.7,Tstd:25.9,Bpos:50.1,Bstd:29.5,StrandBias:-0.3,Multiplicity:1.02
0.989	0.009	0.001	0.001
0.001	0.141	0.001	0.857
0.225	0.067	0.001	0.707
0.353	0.509	0.137	0.001
0.001	0.249	0.199	0.551
0.001	0.872	0.001	0.126
0.673	0.094	0.018	0.215
0.001	0.001	0.129	0.869
>AGAGGGCG	6-AGAGGGCG	7.882330	-82.180378	0	T:145.0(6.58%),B:865.9(1.91%),P:1e-35	Tpos:46.4,Tstd:25.0,Bpos:48.8,Bstd:33.0,StrandBias:0.1,Multiplicity:1.03
0.997	0.001	0.001	0.001
0.001	0.001	0.997	0.001
0.779	0.001	0.219	0.001
0.001	0.001	0.997	0.001
0.001	0.001	0.997	0.001
0.001	0.001	0.997	0.001
0.001	0.997	0.001	0.001
0.188	0.001	0.810	0.001
>TCCRTTGT	7-TCCRTTGT	6.020971	-71.386803	0	T:341.0(15.48%),B:3607.2(7.95%),P:1e-31	Tpos:50.3,Tstd:27.6,Bpos:49.2,Bstd:30.7,StrandBias:-0.1,Multiplicity:1.07
0.044	0.265	0.216	0.475
0.058	0.669	0.184	0.089
0.026	0.697	0.023	0.254
0.375	0.001	0.428	0.196
0.056	0.001	0.025	0.918
0.070	0.062	0.138	0.730
0.016	0.033	0.950	0.001
0.119	0.007	0.047	0.827
>TGTAAACY	8-TGTAAACY	7.163071	-59.213953	0	T:222.0(10.08%),B:2099.8(4.63%),P:1e-25	Tpos:51.6,Tstd:26.6,Bpos:51.3,Bstd:31.1,StrandBias:-0.2,Multiplicity:1.06
0.001	0.001	0.001	0.997
0.001	0.157	0.826	0.016
0.001	0.001	0.001	0.997
0.594	0.001	0.001	0.404
0.971	0.001	0.001	0.027
0.915	0.083	0.001	0.001
0.237	0.472	0.124	0.167
0.001	0.459	0.001	0.539
>ATWTACAT	9-ATWTACAT	6.826714	-55.254599	0	T:169.0(7.67%),B:1441.0(3.18%),P:1e-23	Tpos:54.5,Tstd:26.6,Bpos:50.7,Bstd:31.6,StrandBias:-0.0,Multiplicity:1.07
0.972	0.001	0.026	0.001
0.001	0.001	0.068	0.930
0.289	0.020	0.261	0.430
0.001	0.001	0.053	0.945
0.924	0.074	0.001	0.001
0.183	0.515	0.301	0.001
0.805	0.125	0.001	0.069
0.100	0.026	0.001	0.873
>CCCCCAGG	10-CCCCCAGG	5.127025	-39.959259	0	T:547.0(24.83%),B:7947.2(17.52%),P:1e-17	Tpos:50.1,Tstd:26.4,Bpos:50.0,Bstd:30.4,StrandBias:0.0,Multiplicity:1.15
0.089	0.830	0.041	0.040
0.074	0.808	0.034	0.084
0.133	0.692	0.056	0.119
0.161	0.655	0.086	0.098
0.127	0.670	0.050	0.153
0.733	0.040	0.115	0.112
0.082	0.056	0.834	0.028
0.066	0.081	0.786	0.067
>RTTATTCA	11-RTTATTCA	6.753545	-39.569121	0	T:190.0(8.62%),B:1999.6(4.41%),P:1e-17	Tpos:47.7,Tstd:26.6,Bpos:47.7,Bstd:30.2,StrandBias:-0.2,Multiplicity:1.05
0.283	0.271	0.422	0.023
0.174	0.221	0.001	0.604
0.001	0.001	0.001	0.997
0.997	0.001	0.001	0.001
0.123	0.001	0.208	0.668
0.001	0.001	0.081	0.917
0.001	0.997	0.001	0.001
0.664	0.001	0.104	0.231
>CTAGAGGG	12-CTAGAGGG	5.549504	-36.366918	0	T:227.0(10.30%),B:2633.0(5.81%),P:1e-15	Tpos:48.1,Tstd:27.4,Bpos:49.9,Bstd:29.6,StrandBias:-0.2,Multiplicity:1.03
0.054	0.901	0.001	0.044
0.054	0.055	0.027	0.864
0.874	0.008	0.026	0.092
0.001	0.095	0.903	0.001
0.895	0.001	0.031	0.073
0.037	0.021	0.881	0.061
0.001	0.199	0.799	0.001
0.029	0.001	0.969	0.001
>TGCGCATG	13-TGCGCATG	9.188255	-34.588607	0	T:38.0(1.72%),B:151.2(0.33%),P:1e-15	Tpos:42.1,Tstd:21.1,Bpos:50.1,Bstd:36.3,StrandBias:0.4,Multiplicity:1.17
0.001	0.001	0.001	0.997
0.001	0.001	0.997	0.001
0.001	0.997	0.001	0.001
0.001	0.001	0.997	0.001
0.043	0.910	0.001	0.046
0.997	0.001	0.001	0.001
0.167	0.001	0.001	0.831
0.001	0.001	0.997	0.001
>TGACCTTG	14-TGACCTTG	7.587997	-28.562065	0	T:114.0(5.17%),B:1114.1(2.46%),P:1e-12	Tpos:47.8,Tstd:26.6,Bpos:51.1,Bstd:29.6,StrandBias:-0.5,Multiplicity:1.04
0.093	0.001	0.001	0.905
0.001	0.001	0.997	0.001
0.997	0.001	0.001	0.001
0.001	0.771	0.227	0.001
0.001	0.997	0.001	0.001
0.001	0.122	0.001	0.876
0.001	0.054	0.001	0.944
0.001	0.001	0.921	0.077
>GTGAGGCA	15-GTGAGGCA	7.880651	-19.590205	0	T:106.0(4.81%),B:1179.1(2.60%),P:1e-8	Tpos:49.6,Tstd:25.9,Bpos:51.4,Bstd:29.1,StrandBias:0.4,Multiplicity:1.03
0.001	0.001	0.997	0.001
0.132	0.019	0.001	0.848
0.001	0.001	0.997	0.001
0.835	0.001	0.001	0.163
0.146	0.001	0.852	0.001
0.001	0.001	0.757	0.241
0.186	0.812	0.001	0.001
0.654	0.344	0.001	0.001
>CACGCCCA	16-CACGCCCA	7.378462	-14.622957	0	T:76.0(3.45%),B:842.2(1.86%),P:1e-6	Tpos:48.8,Tstd:27.6,Bpos:49.3,Bstd:32.0,StrandBias:0.2,Multiplicity:1.04
0.001	0.914	0.084	0.001
0.743	0.001	0.001	0.255
0.001	0.997	0.001	0.001
0.103	0.001	0.895	0.001
0.001	0.997	0.001	0.001
0.001	0.997	0.001	0.001
0.179	0.497	0.082	0.243
0.888	0.001	0.001	0.110
>SGWTTCCG	17-SGWTTCCG	6.032730	-14.552374	0	T:80.0(3.63%),B:904.2(1.99%),P:1e-6	Tpos:45.0,Tstd:24.1,Bpos:49.9,Bstd:32.1,StrandBias:-0.1,Multiplicity:1.04
0.001	0.427	0.571	0.001
0.001	0.036	0.822	0.141
0.445	0.084	0.013	0.458
0.243	0.001	0.001	0.755
0.058	0.001	0.001	0.940
0.074	0.924	0.001	0.001
0.017	0.981	0.001	0.001
0.001	0.230	0.768	0.001
>GACCGTAC	18-GACCGTAC	8.236954	-11.001383	0	T:4.0(0.18%),B:3.1(0.01%),P:1e-4	Tpos:79.0,Tstd:14.7,Bpos:48.0,Bstd:14.9,StrandBias:0.0,Multiplicity:1.00
0.100	0.100	0.700	0.100
0.700	0.100	0.100	0.100
0.100	0.700	0.100	0.100
0.100	0.700	0.100	0.100
0.100	0.100	0.700	0.100
0.100	0.100	0.100	0.700
0.700	0.100	0.100	0.100
0.100	0.700	0.100	0.100
